0.0 W 2 Reverse:Epping Forward:WestRuislip Default:Epping  
0.045288 WRL-100 5     
0.271728 WRL+100      
0.8 800
1.3 1300
1.94738 RLG+100      
2.4 2400
2.92108 SRL+100      
3.5 3500
4.1 4100
4.75 4750
5.14019 NHO+100      
6.0 6000
7.03096 GRF+100      
7.45 7540
8.0 8000
8.60472 PVL+100      
9.1 9100
9.7 9700
10.337 HLA+100      
10.8881 PreZorg 6     
11.2579 Zorg 4C Main:Epping Branch:WestActon BranchOrientation:Right  
11.8 11800
12.1372 NAC+100      
12.85 12850
13.4392 EAC+100      
13.9 13900
14.35 14350
14.7979 WCI+100      
15.1 15100
15.5678 SBU+100      
15.85 15850
16.1452 HPA+100      
16.6886 NOT+100      
17.1302 QUW+100      
17.6623 LAN+100      
18.0 18000
18.4888 MBL+100      
18.9304 BST+100      
19.3153 OXF+100      
19.8361 TTT+100      
20.1 20100
20.5494 HLB+100      
20.991 CHL+100      
21.35 21350
21.7496 SPA+100      
22.2477 BNK+100      
22.7459 LIV+100      
23.2 23200
23.85 23850
24.15 24150
24.5461 BTH+100      
25.0 25000
25.5 25500
26.0746 MIL+100      
26.6 26600
27.2 27200
27.9 27900
28.3503 STR+100      
28.85 28850
29.2 29200
29.641 LEY+100
29.65 River 4D Main:Epping Branch:Hainault BranchOrientation:Right  
30.1 30100
30.9996 LYS+100      
31.45 31450
31.9 31900
32.4149 SNR+100      
33.0 33000
33.615 SWO+100      
34.0 34000
34.7 34700
35.1435 WOO+100      
35.6 35600
36.1 36100
36.7739 BHH+100      
37.15 37150
37.7 37700
38.3023 LOU+100      
38.95 38950
39.5 39500
40.0346 DBD+100      
40.6 40600
41.0 41000
41.5 41500
42.0 42000
42.5 42500
43.0236 THB+100      
43.5 43500
44.0 44000
44.5 44500
44.9 44900
45.4 45400
45.7748 EPP-200      
46.0692 EPP+100 3     
46.273 E 2 Reverse:WestRuislip Forward:Epping Default:WestRuislip  
