0.0 0.0 30.0
1.376 0.04 29.98
1.707 0.09 30.13
2.2 0.13 30.58
3.064 0.0 31.76
4.985 0.04 31.76
6.041 0.08 32.18
6.274 0.0 32.37
10.033 0.03 32.3
10.283 0.0 32.4
14.211 0.04 32.4
14.524 0.09 32.54
14.736 0.13 32.74
15.115 0.0 33.26
15.613 -0.03 33.26
15.87 -0.06 33.17
16.121 0.0 33.0
17.034 -0.04 33.0
17.387 0.0 32.84
22.741 0.02 32.83
23.4 0.05 33.0
23.655 0.0 33.13
24.597 -0.02 33.13
24.805 0.0 33.08
25.408 -0.03 33.08
25.742 -0.06 32.98
26.503 0.0 32.51
28.297 -0.03 32.51
28.817 -0.06 32.34
28.991 0.0 32.22
29.637 -0.02 32.22
29.873 0.0 32.17
30.877 0.04 32.17
31.015 0.09 32.24
31.513 0.13 32.7
31.735 0.03 33.01
32.395 0.06 33.22
32.549 0.0 33.32
32.781 -0.02 33.32
33.072 -0.05 33.23
33.703 -0.03 32.88
34.061 -0.07 32.74
34.312 -0.03 32.54
34.664 -0.07 32.41
34.822 0.0 32.28
35.604 -0.03 32.28
35.865 -0.07 32.18
36.088 -0.11 32.01
36.324 -0.15 31.73
36.569 0.0 31.34
37.035 -0.03 31.34
38.106 -0.06 31.0
38.939 0.0 30.45
39.716 -0.01 30.45
40.051 0.0 30.4
42.539 0.04 30.4
43.549 0.09 30.86
43.741 0.13 31.03
43.971 0.18 31.35
44.122 0.22 31.62
44.346 0.0 32.13
44.747 -0.02 32.13
44.964 0.0 32.08
46.747 -0.04 32.08
47.356 -0.09 31.79
47.64 0.0 31.52
47.968 -0.01 31.52
48.195 0.0 31.48
48.389 0.04 31.48
48.696 0.0 31.63
51.685 0.04 31.63
52.379 0.08 31.93
53.146 0.0 32.6
54.553 0.04 32.6
54.686 0.09 32.66
54.882 0.14 32.86
55.198 0.19 33.34
55.587 0.0 34.11
59.094 0.01 34.1
60.091 0.0 34.3
60.36 -0.03 34.3
61.029 -0.07 34.06
61.505 -0.04 33.71
62.437 -0.09 33.25
62.657 -0.14 33.04
62.912 0.0 32.66
63.296 0.03 32.66
63.8 0.07 32.86
63.931 0.11 32.96
64.129 0.02 33.19
64.704 0.05 33.34
65.189 0.0 33.62
65.621 0.04 33.62
65.837 0.0 33.73
66.693 -0.02 33.73
67.22 -0.05 33.59
67.734 0.0 33.32
68.876 0.03 33.32
69.178 0.06 33.42
69.83 0.1 33.87
70.202 0.0 34.26
73.208 0.02 34.25
73.705 0.05 34.38
73.891 0.0 34.48
74.022 -0.02 34.48
74.225 0.0 34.42
75.832 -0.03 34.35
76.45 -0.06 34.14
76.708 -0.1 33.97
76.951 -0.03 33.72
77.707 -0.07 33.42
78.186 -0.11 33.05
78.877 0.0 32.24
79.114 -0.03 32.24
79.465 -0.07 32.11
79.832 0.0 31.83
80.475 -0.03 31.83
80.633 -0.07 31.77
80.802 -0.11 31.64
81.268 -0.15 31.1
81.447 0.0 30.83
81.907 -0.04 30.83
82.104 0.0 30.75
82.238 -0.02 30.75
82.71 -0.05 30.63
82.916 0.0 30.52
83.232 0.04 30.52
83.624 0.08 30.69
83.975 0.13 31.0
84.623 0.17 31.86
85.07 0.0 32.65
87.218 -0.02 32.65
87.422 -0.05 32.59
88.347 -0.01 32.08
88.621 0.0 32.05
90.233 0.03 32.05
90.518 0.07 32.15
90.972 0.0 32.5
96.224 -0.04 32.5
96.469 -0.09 32.38
97.381 -0.14 31.52
97.634 -0.18 31.17
98.066 0.0 30.36
98.652 0.02 30.36
99.062 0.0 30.48
101.049 -0.04 30.48
101.292 -0.09 30.36
101.541 -0.14 30.13
101.677 -0.18 29.93
102.145 0.0 29.05
105.014 0.04 29.05
105.158 0.0 29.11
105.91 -0.04 29.11
106.163 -0.09 29.0
106.642 -0.04 28.56
107.421 -0.09 28.17
107.608 -0.14 27.99
107.809 0.0 27.69
109.011 -0.04 27.69
109.784 -0.08 27.36
110.756 -0.03 26.52
111.135 -0.06 26.39
111.87 -0.1 25.89
112.723 0.0 25.02
115.751 0.04 25.02
116.261 0.08 25.24
116.999 0.12 25.86
117.512 0.17 26.52
117.752 0.0 26.93
118.798 -0.02 26.92
119.234 0.0 26.82
120.578 -0.04 26.77
121.005 -0.09 26.57
121.65 0.0 25.95
124.422 0.03 25.95
124.581 0.07 26.01
124.711 0.0 26.1
125.675 0.04 26.1
125.857 0.0 26.19
127.737 -0.01 26.19
128.719 0.0 26.04
129.21 -0.02 26.04
129.411 -0.05 25.98
129.635 0.0 25.86
130.651 0.03 25.86
130.783 0.0 25.9
135.202 -0.04 25.81
136.252 -0.08 25.37
137.225 -0.12 24.54
137.606 0.0 24.05
138.089 0.04 24.05
139.0 0.01 24.42
139.234 0.0 24.45
140.616 -0.04 24.45
140.94 0.0 24.29
146.615 -0.03 24.29
146.761 -0.06 24.24
147.451 -0.01 23.8
147.881 0.0 23.74
148.24 0.03 23.74
148.706 0.07 23.92
149.352 0.11 24.43
149.825 0.03 25.0
150.744 0.06 25.3
151.131 0.0 25.55
153.49 0.04 25.55
154.045 0.08 25.8
154.298 0.13 26.02
154.859 0.0 26.78
155.116 0.03 26.78
155.551 0.06 26.92
155.729 0.0 27.03
157.013 -0.03 27.03
157.212 -0.07 26.96
157.412 0.0 26.82
157.968 -0.04 26.78
158.176 -0.08 26.69
158.433 0.0 26.47
158.967 -0.01 26.47
159.57 0.0 26.38
160.023 0.04 26.38
160.168 0.08 26.44
160.368 0.12 26.61
161.063 0.0 27.47
161.458 0.03 27.47
162.098 0.0 27.72
163.71 0.03 27.72
164.109 0.06 27.85
164.454 0.0 28.07
165.744 0.04 28.07
166.745 0.09 28.57
166.88 0.0 28.7
167.139 0.02 28.7
167.721 0.05 28.88
168.397 0.0 29.28
168.742 0.04 29.28
169.376 0.08 29.56
169.862 0.13 29.99
170.093 0.0 30.3
172.509 -0.03 30.3
172.674 -0.06 30.24
172.806 -0.1 30.15
173.293 0.0 29.66
175.179 -0.01 29.66
175.406 0.0 29.64
179.132 0.02 29.64
180.17 0.05 29.92
180.641 0.0 30.17
182.702 -0.02 30.17
183.126 0.0 30.08
183.967 -0.03 30.08
184.608 -0.06 29.87
184.746 0.0 29.78
185.156 -0.01 29.78
185.398 -0.03 29.75
185.823 -0.06 29.62
185.959 0.0 29.53
186.252 0.04 29.53
186.452 0.08 29.62
186.595 0.0 29.74
187.933 -0.03 29.74
188.07 -0.07 29.69
188.465 -0.11 29.38
188.662 0.0 29.14
189.153 0.02 29.14
189.29 0.0 29.18
190.745 -0.04 29.18
190.875 -0.08 29.13
191.071 -0.03 28.97
192.024 -0.07 28.6
192.482 0.0 28.24
193.662 0.04 28.24
193.885 0.08 28.33
194.247 0.12 28.62
194.398 0.0 28.8
194.743 0.04 28.8
195.063 0.0 28.93
197.129 0.03 28.86
197.326 0.07 28.93
197.761 0.1 29.24
198.257 0.0 29.76
199.269 -0.03 29.76
199.502 -0.06 29.69
199.874 -0.03 29.47
200.066 -0.07 29.39
200.21 -0.11 29.28
200.973 -0.15 28.36
201.398 0.0 27.68
203.005 0.03 27.68
203.4 0.06 27.82
204.083 0.1 28.27
204.312 0.0 28.5
204.548 -0.03 28.5
204.993 0.0 28.35
206.483 -0.03 28.35
206.63 0.0 28.29
208.214 -0.04 28.29
209.29 -0.08 27.83
210.097 0.0 27.13
210.929 -0.04 27.13
211.166 0.0 27.02
212.92 0.03 27.02
213.064 0.06 27.07
213.732 0.1 27.52
214.134 0.0 27.93
215.097 0.03 27.93
215.493 0.07 28.09
216.267 0.11 28.7
216.655 0.15 29.16
216.909 0.0 29.56
218.211 -0.03 29.56
218.392 0.0 29.49
219.626 0.03 29.49
219.991 0.07 29.63
220.773 0.0 30.19
222.372 -0.02 30.19
222.551 -0.05 30.14
222.913 0.0 29.93
223.345 -0.02 29.93
224.08 0.0 29.74
225.902 0.04 29.74
226.438 0.0 30.0
228.344 -0.03 30.0
228.574 -0.07 29.91
228.796 0.0 29.74
229.436 -0.04 29.74
229.634 -0.09 29.65
230.094 -0.04 29.22
230.638 -0.09 28.97
231.025 0.0 28.61
231.659 0.04 28.61
231.807 0.0 28.68
232.984 0.04 28.68
234.023 0.08 29.14
234.35 0.04 29.44
234.955 0.0 29.68
235.855 -0.01 29.68
236.248 -0.03 29.63
236.497 0.0 29.54
237.141 0.03 29.54
237.699 0.07 29.75
237.879 0.0 29.89
238.501 0.03 29.89
238.737 0.0 29.98
240.004 -0.04 29.98
240.389 -0.08 29.82
240.575 -0.12 29.66
240.797 -0.17 29.37
241.709 0.0 27.82
246.335 0.03 27.81
246.495 0.07 27.87
247.452 0.0 28.59
249.316 0.03 28.59
249.497 0.07 28.66
249.713 0.11 28.82
250.662 0.0 29.89
251.216 0.04 29.89
251.462 0.08 29.99
251.969 0.12 30.41
252.117 0.0 30.6
254.303 0.04 30.6
255.085 0.08 30.93
255.484 0.12 31.28
255.629 0.17 31.47
256.512 0.21 32.99
256.863 0.0 33.75
257.25 -0.04 33.75
257.402 -0.09 33.68
257.574 -0.13 33.53
257.793 0.0 33.23
258.566 -0.03 33.23
258.781 -0.07 33.14
258.969 -0.11 33.0
259.432 0.0 32.45
260.022 -0.03 32.45
260.388 -0.07 32.32
260.606 0.0 32.16
260.954 0.03 32.16
261.2 0.0 32.25
263.167 0.04 32.29
263.692 0.08 32.51
263.951 0.0 32.74
265.297 -0.03 32.74
265.509 0.0 32.67
266.164 -0.04 32.67
266.407 -0.08 32.57
266.561 0.0 32.44
267.575 0.03 32.44
267.907 0.0 32.55
268.064 0.03 32.55
269.018 0.07 32.93
269.166 0.11 33.05
269.6 0.01 33.57
269.809 0.0 33.59
270.583 -0.03 33.59
271.106 -0.06 33.41
271.261 -0.1 33.31
271.397 -0.01 33.17
271.578 0.0 33.15
272.307 -0.03 33.15
272.672 -0.06 33.03
273.006 0.0 32.82
274.387 -0.04 32.82
274.583 -0.08 32.73
274.732 -0.12 32.61
275.338 -0.16 31.84
275.617 0.0 31.38
281.089 0.02 31.38
281.331 0.05 31.44
281.584 0.02 31.58
281.813 0.05 31.64
282.752 0.0 32.12
285.056 -0.01 32.12
285.215 0.0 32.1
288.484 0.03 32.09
288.633 0.07 32.15
289.102 0.03 32.51
289.42 0.0 32.62
289.883 0.03 32.62
290.331 0.06 32.76
290.507 0.0 32.87
291.383 -0.04 32.87
292.03 -0.08 32.58
292.665 -0.13 32.02
292.959 0.0 31.62
293.492 -0.03 31.62
293.732 -0.06 31.55
294.124 -0.02 31.29
294.256 0.0 31.26
294.607 -0.01 31.26
295.083 -0.02 31.21
295.257 -0.05 31.16
295.528 0.0 31.01
296.932 -0.03 31.01
297.12 -0.06 30.95
297.675 0.0 30.58
299.125 -0.03 30.58
299.61 -0.01 30.4
299.833 0.0 30.37
300.066 -0.04 30.37
301.623 0.0 29.69
302.203 -0.03 29.69
302.494 -0.04 29.6
302.815 -0.09 29.44
303.031 0.0 29.23
304.016 -0.04 29.23
304.524 -0.08 29.01
304.984 -0.13 28.61
305.177 0.0 28.35
306.02 0.01 28.35
307.002 0.0 28.48
308.377 0.02 28.48
309.03 0.05 28.67
309.46 0.0 28.93
309.723 -0.03 28.93
310.029 -0.06 28.83
310.446 0.0 28.55
311.723 0.03 28.55
311.928 0.04 28.63
312.703 0.02 28.99
313.167 0.04 29.11
313.313 0.08 29.18
313.585 0.0 29.41
314.002 0.04 29.41
314.624 0.0 29.72
314.956 -0.03 29.72
315.197 -0.06 29.64
315.76 0.0 29.29
317.246 -0.04 29.29
317.905 0.0 28.98
320.519 0.04 28.98
321.11 0.08 29.23
321.376 0.0 29.45
321.562 -0.04 29.45
321.802 0.0 29.33
322.109 -0.04 29.33
322.526 -0.08 29.15
322.699 -0.12 29.0
323.175 -0.17 28.38
323.326 -0.01 28.12
323.513 0.0 28.1
325.282 0.03 28.1
325.526 0.0 28.19
327.097 -0.01 28.19
327.314 0.0 28.16
328.813 0.03 28.16
329.047 0.06 28.23
329.532 0.0 28.54
329.775 0.02 28.54
330.474 0.05 28.72
330.749 0.0 28.87
333.885 0.03 28.87
334.022 0.07 28.92
334.845 0.0 29.54
335.63 0.01 29.53
336.059 0.0 29.58
336.275 -0.04 29.58
336.506 -0.09 29.47
336.652 -0.13 29.34
337.299 0.0 28.44
337.605 0.01 28.44
338.194 0.0 28.53
340.539 -0.04 28.53
341.421 -0.08 28.17
341.736 -0.12 27.92
342.482 -0.16 27.0
342.67 0.0 26.7
342.832 0.03 26.7
343.052 0.06 26.77
343.5 0.0 27.06
344.428 0.03 27.06
344.993 0.0 27.27
346.288 0.04 27.27
346.453 0.08 27.34
346.869 0.12 27.68
347.315 0.0 28.24
347.966 0.03 28.24
348.349 0.07 28.38
348.532 0.0 28.51
349.503 0.03 28.51
350.219 0.07 28.78
351.165 0.11 29.49
351.377 0.15 29.74
351.559 0.0 30.01
351.909 0.03 30.01
352.15 0.06 30.09
352.879 0.1 30.6
353.658 0.0 31.4
353.823 -0.03 31.4
354.061 0.0 31.31
354.303 -0.02 31.31
354.924 0.0 31.18
356.585 0.03 31.18
357.545 0.0 31.52
358.283 0.01 31.52
358.428 0.0 31.54
358.659 0.02 31.54
358.793 0.05 31.58
359.265 0.0 31.86
359.517 -0.03 31.86
359.66 -0.06 31.81
360.46 0.0 31.3
361.631 0.04 31.3
361.813 0.09 31.39
362.489 0.0 32.02
364.07 0.02 32.02
364.238 0.05 32.07
364.444 0.02 32.17
364.818 0.05 32.27
365.586 0.0 32.68
368.523 -0.04 32.68
368.698 -0.08 32.6
369.223 -0.12 32.15
369.48 -0.03 31.82
369.653 -0.06 31.77
369.87 -0.02 31.64
370.125 0.0 31.58
370.6 -0.03 31.58
370.763 -0.07 31.52
371.316 0.0 31.12
372.136 0.03 31.12
372.361 0.07 31.21
373.137 0.11 31.8
373.978 0.01 32.77
374.417 0.0 32.84
377.441 -0.04 32.84
378.033 -0.09 32.55
378.539 -0.14 32.06
379.357 0.0 30.87
380.324 0.03 30.87
380.792 0.07 31.05
380.943 0.0 31.16
381.88 -0.03 31.16
382.397 -0.06 30.99
382.741 0.0 30.76
382.985 -0.01 30.76
383.477 0.0 30.67
383.635 -0.04 30.67
384.255 -0.08 30.4
384.924 -0.12 29.83
385.376 -0.04 29.24
386.221 -0.08 28.9
386.441 -0.12 28.73
386.801 -0.16 28.29
387.366 -0.2 27.39
387.632 0.0 26.86
387.988 -0.04 26.86
388.173 -0.09 26.77
388.854 -0.13 26.15
389.053 0.0 25.88
390.458 -0.02 25.88
391.447 0.0 25.59
392.134 -0.04 25.59
392.286 -0.08 25.52
392.79 0.0 25.08
396.811 0.02 25.17
397.204 0.05 25.28
398.21 0.0 25.83
400.281 0.03 25.83
401.23 0.0 26.21
402.061 -0.03 26.21
402.46 0.0 26.06
404.208 -0.03 26.06
404.723 -0.07 25.87
404.875 0.0 25.76
405.381 -0.01 25.76
405.583 0.0 25.73
406.348 0.03 25.73
406.544 0.07 25.8
406.682 0.0 25.91
407.567 0.03 25.91
408.194 0.07 26.13
408.384 0.0 26.26
409.236 -0.03 26.26
409.708 -0.07 26.09
410.063 0.0 25.84
411.594 0.02 25.84
411.839 0.05 25.91
412.097 0.0 26.06
412.287 0.03 26.06
412.795 0.07 26.26
413.444 0.11 26.75
413.574 0.0 26.9
415.011 -0.04 26.9
415.145 -0.09 26.84
415.281 -0.13 26.72
415.753 -0.18 26.06
415.897 -0.02 25.8
416.238 -0.05 25.7
416.384 -0.04 25.62
416.555 -0.08 25.55
417.094 -0.13 25.07
417.245 0.0 24.87
417.42 0.03 24.87
417.881 0.0 25.04
419.88 0.03 25.07
420.388 0.06 25.25
420.619 0.0 25.41
425.338 0.03 25.38
425.568 0.06 25.45
426.272 0.0 25.88
427.035 0.04 25.88
427.253 0.09 25.99
427.438 0.02 26.17
427.594 0.0 26.21
428.565 -0.04 26.21
428.836 0.0 26.08
429.562 0.02 26.08
430.027 0.07 26.18
430.388 0.15 26.46
430.822 0.22 27.12
431.698 0.3 29.12
432.14 0.0 30.46
432.51 0.05 30.47
433.464 0.07 31.01
434.422 0.14 31.73
434.62 0.0 32.02
434.943 0.08 32.02
435.096 0.16 32.14
435.514 0.24 32.81
435.711 0.32 33.28
436.637 0.08 36.25
436.891 0.16 36.45
437.241 0.24 37.02
437.453 0.06 37.53
438.343 0.13 38.14
439.045 0.2 39.11
439.277 0.06 39.6
439.421 0.12 39.69
439.607 0.09 39.93
439.799 0.19 40.12
440.285 0.0 41.08
440.984 0.07 41.08
441.816 0.0 41.7
442.613 0.09 41.7
443.321 0.18 42.35
443.735 0.27 43.11
444.321 0.36 44.72
444.57 0.06 45.64
444.889 0.13 45.86
445.652 0.2 46.92
446.087 0.06 47.82
446.331 0.13 47.99
446.543 0.0 48.29
448.071 0.09 48.29
448.443 0.08 48.64
448.639 0.17 48.82
449.087 0.0 49.62
450.151 0.06 49.62
450.353 0.04 49.74
451.32 0.07 50.17
452.162 0.15 50.82
452.366 0.01 51.13
453.142 0.0 51.25
453.589 0.07 51.29
454.036 0.04 51.62
454.186 0.0 51.69
454.696 0.03 51.69
454.883 0.0 51.76
455.897 0.08 51.76
456.156 0.17 51.99
456.343 0.09 52.32
456.503 0.19 52.48
456.814 0.02 53.09
457.226 0.0 53.21
458.663 0.05 53.21
458.817 0.08 53.29
459.146 0.05 53.56
459.553 0.1 53.78
460.004 0.06 54.25
460.474 0.12 54.53
460.621 0.0 54.71
461.371 0.01 54.71
461.581 0.07 54.74
461.808 0.0 54.9
462.138 0.04 54.9
462.675 0.0 55.16
463.483 0.09 55.16
464.045 0.18 55.68
464.549 0.27 56.62
464.734 0.36 57.13
464.894 0.08 57.72
465.293 0.0 58.05
466.168 0.08 58.05
466.902 0.09 58.65
467.722 0.08 59.41
468.195 0.16 59.81
469.196 0.08 61.49
469.743 0.16 61.93
469.97 0.24 62.3
470.164 0.09 62.77
470.848 0.19 63.42
471.082 0.07 63.87
471.276 0.14 64.01
471.464 0.21 64.28
472.154 0.0 65.76
473.367 0.07 65.76
473.586 0.15 65.93
473.846 0.23 66.33
474.5 0.3 67.84
474.766 0.08 68.66
475.409 0.16 69.18
476.122 0.07 70.32
476.635 0.14 70.69
477.134 0.21 71.39
477.368 0.06 71.88
477.527 0.13 71.99
477.83 0.06 72.41
478.04 0.0 72.54
478.438 -0.08 72.54
478.807 -0.17 72.22
479.165 0.0 71.59
480.467 0.08 71.59
480.715 0.16 71.79
480.963 0.24 72.2
481.246 0.32 72.89
481.439 0.4 73.52
482.283 0.06 76.95
482.648 0.13 77.19
483.212 0.08 77.95
483.607 0.16 78.28
484.145 0.0 79.17
484.851 0.02 79.17
485.595 0.09 79.33
486.49 0.18 80.13
486.732 0.27 80.57
486.895 0.03 81.01
487.131 0.06 81.09
487.403 0.13 81.27
487.919 0.04 81.95
488.084 0.01 82.02
488.337 0.0 82.07
489.336 0.09 82.07
490.376 0.0 83.07
494.93 -0.05 83.01
495.072 0.0 82.93
496.824 0.05 82.93
497.278 0.11 83.19
497.725 0.0 83.7
500.0 0.0 83.7
