0.0 E 2 Reverse:WestRuislip Forward:Epping Default:WestRuislip  
0.135864 EPP-100 5
0.362304 EPP+100
0.9 900
1.5 1500
2.0 2000
2.45 2450
2.9 2900
3.40792 THB+100      
3.9 3900
4.5 4500
5.0 5000
5.5 5500
6.0 6000
6.4 6400
6.84981 DBD+100      
7.3 7300
7.7 7700
8.1292 LOU+100      
8.7 8700
9.1 9100
9.65767 BHH+100      
10.1 10100
10.8 10800
11.288 WOO+100      
11.85 11850
12.3 12300
12.8391 SWO+100      
13.35 13530
14.0053 SNR+100      
14.5 14500
15.0 15000
15.4206 LYS+100      
15.7735 PreTruce 6     
16.0433 Truce 4C Main:WestRuislip Branch:Wanstead BranchOrientation:Left  
16.7226 LEY+100      
17.3 17300
18.0812 STR+100      
18.5 18500
19.0 19000
19.4 19400
19.9 19900
20.357 MIL+100      
20.9 20900
21.45 21450
21.8854 BTH+100      
22.3 22300
22.85 22850
23.3 23300
23.6969 LIV+100      
24.1951 BNK+100      
24.682 SPA+100      
25.0 25000
25.4405 CHL+100      
25.8821 HLB+100      
26.2 26200
26.5841 TTT+100      
27.1162 OXF+100      
27.5011 BST+100      
27.9427 MBL+100      
28.4 28400
28.7579 LAN+100      
29.05 29050
29.3013 QUW+100      
29.7429 NOT+100      
30.275 HPA+100      
30.8638 SBU+100      
31.15 31150
31.6223 WCI+100      
32.0 32000
32.4 32400
32.981 EAC+100      
33.5 33500
34.216 NAC+100
34.2264 Cash 4D Main:WestRuislip Branch:EalingBroadway BranchOrientation:Left
35.0 35000
35.5 35500
36.0832 HLA+100      
36.5 36500
37.0 37000
37.4 37400
37.8268 PVL+100      
38.25 38250
38.8 38800
39.4006 GRF+100      
40.0 40000
40.55 40550
41.00 41000
41.2913 NHO+100      
41.9 41900
42.4 42400
42.9 42900
43.5104 SRL+100      
44.0 44000
44.4841 RLG+100      
44.9 44900
45.55 45550
45.922 WRL-200      
46.1711 WRL+100 3     
46.3749 W 2 Reverse:Epping Forward:WestRuislip Default:Epping
