0.0 0.0 30.0
1.558 -0.02 30.0
1.808 0.0 29.94
2.849 -0.03 29.94
3.302 -0.07 29.77
3.592 0.0 29.55
5.583 -0.04 29.55
5.827 -0.08 29.44
6.394 -0.13 28.94
6.677 0.0 28.56
8.713 0.04 28.56
9.474 0.09 28.91
9.647 0.0 29.06
13.252 -0.03 29.1
14.033 -0.06 28.84
14.184 -0.1 28.74
14.608 0.0 28.3
15.581 0.04 28.3
16.06 0.09 28.53
16.537 0.14 28.98
17.429 0.0 30.25
17.619 0.03 30.25
17.762 0.06 30.3
18.263 0.0 30.62
19.097 -0.04 30.62
19.302 -0.08 30.54
19.501 0.0 30.38
23.27 -0.03 30.38
23.505 -0.07 30.29
23.66 0.0 30.17
28.604 0.02 30.17
29.004 0.0 30.26
29.946 0.04 30.26
30.342 0.0 30.29
30.6 0.13 30.29
31.3 0.47 30.38
31.5 0.6 30.47
31.9 0.11 30.71
33.9 0.0 30.93
36.076 -0.04 30.93
36.215 -0.08 30.87
36.676 0.0 30.47
36.916 -0.03 30.47
37.052 -0.04 30.42
37.231 -0.08 30.35
37.402 -0.12 30.21
37.619 -0.16 29.93
37.851 0.0 29.55
38.61 -0.04 29.55
38.82 -0.09 29.45
39.063 -0.01 29.22
39.498 -0.04 29.14
39.662 0.0 29.06
40.599 -0.02 29.04
41.247 0.0 28.9
41.85 -0.01 28.9
42.001 0.0 28.88
44.624 -0.04 28.88
44.866 0.0 28.78
46.635 -0.03 28.78
47.047 -0.07 28.62
47.45 -0.11 28.3
47.986 0.0 27.68
48.655 -0.02 27.68
49.07 -0.05 27.57
49.299 0.0 27.45
49.754 -0.03 27.45
50.682 -0.07 27.1
51.499 0.0 26.47
56.162 -0.04 26.42
56.673 -0.09 26.18
57.743 -0.13 25.19
57.968 -0.18 24.88
58.587 0.0 23.73
58.99 -0.01 23.73
59.81 0.0 23.6
60.686 -0.04 23.6
61.124 0.0 23.38
61.55 -0.02 23.38
62.136 0.0 23.26
64.981 0.02 23.26
65.411 0.0 23.37
66.197 -0.03 23.37
67.207 0.0 23.03
67.575 -0.04 23.03
67.83 -0.08 22.92
68.169 -0.13 22.62
68.47 -0.17 22.22
68.886 0.0 21.48
69.993 0.03 21.48
70.61 0.06 21.69
70.829 0.0 21.84
71.272 0.03 21.84
71.965 0.06 22.08
72.253 0.1 22.28
72.453 0.0 22.49
73.162 -0.01 22.49
73.353 0.0 22.46
76.287 -0.04 22.46
76.534 -0.08 22.36
77.305 -0.12 21.71
77.468 -0.02 21.5
77.645 -0.05 21.45
78.119 0.0 21.2
80.348 -0.03 21.2
80.586 -0.06 21.11
81.004 0.0 20.82
82.415 -0.03 20.82
83.388 0.0 20.47
84.155 -0.02 20.47
84.411 -0.05 20.4
84.792 0.0 20.19
85.662 -0.02 20.19
86.076 0.0 20.09
87.838 -0.04 20.09
88.275 -0.09 19.89
88.513 -0.13 19.68
88.762 -0.02 19.34
88.997 -0.05 19.27
89.493 0.0 18.97
89.845 -0.04 18.97
90.08 -0.08 18.87
90.991 -0.12 18.12
91.145 0.0 17.93
92.861 0.03 17.93
93.605 0.06 18.19
93.754 0.1 18.29
94.003 0.0 18.55
94.246 -0.02 18.55
95.06 0.0 18.35
97.084 0.04 18.35
97.463 0.0 18.53
97.608 -0.02 18.53
97.907 0.0 18.46
101.097 -0.02 18.44
101.298 0.0 18.39
102.484 -0.02 18.39
102.941 -0.05 18.26
103.15 -0.04 18.14
104.024 -0.08 17.79
104.785 -0.12 17.17
104.948 -0.16 16.97
105.466 -0.04 16.13
105.707 0.0 16.01
106.129 0.03 16.01
106.361 0.06 16.09
106.751 0.0 16.36
109.613 -0.04 16.36
110.114 -0.09 16.13
110.35 -0.01 15.91
111.257 0.0 15.76
111.748 -0.01 15.76
111.992 -0.04 15.72
112.987 -0.08 15.29
113.258 -0.12 15.06
113.47 -0.17 14.79
113.683 -0.21 14.42
114.272 0.0 13.16
115.938 -0.01 13.16
116.168 0.0 13.13
116.893 -0.03 13.13
117.102 -0.06 13.06
117.635 -0.01 12.72
117.814 0.0 12.69
118.277 0.04 12.69
118.519 0.09 12.8
118.778 0.13 13.04
119.536 0.18 14.08
120.578 0.22 16.0
120.805 0.0 16.52
122.385 0.03 16.56
122.865 0.07 16.75
123.216 0.0 17.02
123.412 -0.02 17.02
123.627 0.0 16.97
124.128 -0.04 16.97
124.565 -0.01 16.79
124.733 0.0 16.78
124.918 -0.01 16.78
125.677 0.0 16.64
127.901 -0.01 16.64
128.892 0.0 16.45
132.274 -0.04 16.45
133.16 0.0 16.04
134.458 -0.04 16.04
134.705 -0.09 15.92
135.132 0.0 15.53
135.375 0.03 15.53
135.633 0.06 15.61
136.552 0.0 16.17
137.989 -0.04 16.17
138.13 -0.08 16.11
138.536 -0.12 15.78
138.839 -0.16 15.4
139.039 -0.2 15.07
139.598 0.0 13.9
140.902 -0.02 13.9
141.355 0.0 13.81
142.795 -0.04 13.81
143.216 -0.08 13.63
143.947 0.0 13.01
144.576 -0.03 13.01
144.778 0.0 12.95
146.363 -0.04 12.95
147.062 -0.08 12.65
147.429 -0.13 12.33
147.56 0.0 12.16
148.54 0.03 12.16
149.048 0.07 12.34
149.292 0.11 12.52
149.682 0.0 12.95
150.413 -0.03 12.95
151.426 0.0 12.62
153.377 -0.01 12.62
153.594 0.0 12.59
156.681 -0.02 12.59
157.105 0.0 12.49
159.245 0.04 12.5
159.587 0.0 12.65
160.401 0.01 12.65
160.542 0.0 12.67
160.699 -0.03 12.67
161.549 -0.06 12.38
161.746 -0.1 12.24
162.352 0.0 11.62
162.592 -0.04 11.62
163.018 -0.08 11.44
163.239 -0.12 11.25
163.463 -0.16 10.97
164.002 0.0 10.07
164.746 -0.04 10.07
164.938 -0.08 9.99
165.128 -0.12 9.83
165.371 -0.02 9.53
165.569 -0.05 9.47
165.787 0.0 9.35
166.021 -0.03 9.35
166.704 -0.07 9.09
167.029 -0.11 8.84
167.804 -0.15 7.95
168.761 0.0 6.48
169.004 -0.04 6.48
169.248 -0.09 6.36
169.419 -0.14 6.19
169.583 -0.19 5.95
169.73 -0.03 5.66
169.937 -0.07 5.58
170.146 -0.1 5.43
170.74 0.0 4.79
172.219 -0.02 4.79
172.546 -0.05 4.7
172.684 0.0 4.62
173.638 -0.02 4.62
173.92 -0.05 4.55
174.144 -0.02 4.43
175.17 0.0 4.17
175.873 -0.03 4.17
176.647 -0.07 3.87
176.897 -0.11 3.68
177.094 -0.04 3.45
178.753 -0.09 2.68
179.213 -0.14 2.25
179.744 -0.18 1.51
180.049 0.0 0.93
180.616 -0.01 0.93
181.376 0.0 0.83
182.237 -0.02 0.83
182.369 0.0 0.8
183.06 -0.03 0.8
183.596 -0.07 0.61
184.274 0.0 0.13
184.488 -0.01 0.13
184.657 0.0 0.11
185.481 -0.04 0.11
185.674 0.0 0.01
193.3 0.0 0.01
321.71 0.02
