#PK grade (in positive of negative percent)
0.0 0.0
0.2 -0.7
0.8 0.0
0.95 2.0
1.05 0.0
1.58 2.0
1.78 0.0
1.9 -0.4
2.15 2.0 
2.25 0.0
3.1 0.1
3.4 0.0
3.6 -2.5
4.0 0.0
4.3 -0.35
5.0 0.0
5.8 0.8
6.3 0.0
6.35 -0.5
6.85 0.0
7.1 -0.2
7.6 0.0
7.75 1.0 
7.95 0.0
8.1 -0.4
8.5 0.0
8.6 -0.2
8.85 0.0
9.0 -0.65
9.3 0.0
9.45 -0.3
9.75 0.0
9.85 -0.1
10.55 0.0
10.65 1.0
10.95 0.0
11.1 2.0
11.6 0.0
11.75 2.5
12.1 0.0
12.25 -2.0
12.6 0.0
12.75 -0.5
13.15 0.0
13.3 -0.2
14.0 0.0
14.15 -0.1
15.0 0.0
15.15 2.5
15.4 0.0
15.65 -1.0
15.70 0.0
15.85 -2.0
15.95 0.0
16.45 -1.5
16.8 0.0
#16.975 0.0
