11.66 1500.0
18.66 0.0
21.66 -1500.0
28.66 0.0
31.66 1500.0
38.66 0.0
41.66 -1500.0
48.66 0.0
51.66 1500.0
58.66 0.0
61.66 -1500.0
68.66 0.0
71.66 1500.0
78.66 0.0
81.66 -1500.0
88.66 0.0
91.66 1500.0
98.66 0.0
101.66 -1500.0
108.66 0.0
111.66 1500.0
118.66 0.0
121.66 -1500.0
128.66 0.0
131.66 1500.0
138.66 0.0
141.66 -1500.0
148.66 0.0
151.66 1500.0
158.66 0.0
161.66 -1500.0
168.66 0.0
171.66 1500.0
178.66 0.0
181.66 -1500.0
188.66 0.0
191.66 1500.0
198.66 0.0
201.66 -1500.0
208.66 0.0
211.66 1500.0
218.66 0.0
221.66 -1500.0
228.66 0.0
231.66 1500.0
238.66 0.0
241.66 -1500.0
248.66 0.0
251.66 1500.0
258.66 0.0
261.66 -1500.0
268.66 0.0
271.66 1500.0
278.66 0.0
281.66 -1500.0
288.66 0.0
291.66 1500.0
298.66 0.0
301.66 -1500.0
308.66 0.0
311.66 1500.0
318.66 0.0
321.66 -1500.0
328.66 0.0
331.66 1500.0
338.66 0.0
341.66 -1500.0
348.66 0.0
351.66 1500.0
358.66 0.0
361.66 -1500.0
368.66 0.0
371.66 1500.0
378.66 0.0
381.66 -1500.0
388.66 0.0
391.66 1500.0
398.66 0.0
401.66 -1500.0
408.66 0.0
411.66 1500.0
418.66 0.0
421.66 -1500.0
428.66 0.0
431.66 1500.0
438.66 0.0
441.66 -1500.0
448.66 0.0
451.66 1500.0
458.66 0.0
461.66 -1500.0
468.66 0.0
471.66 1500.0
478.66 0.0
481.66 -1500.0
488.66 0.0
491.66 1500.0
498.66 0.0
501.66 -1500.0
508.66 0.0
511.66 1500.0
518.66 0.0
521.66 -1500.0
528.66 0.0
531.66 1500.0
538.66 0.0
541.66 -1500.0
548.66 0.0
551.66 1500.0
558.66 0.0
561.66 -1500.0
568.66 0.0
571.66 1500.0
578.66 0.0
581.66 -1500.0
588.66 0.0
591.66 1500.0
598.66 0.0
601.66 -1500.0
608.66 0.0
611.66 1500.0
618.66 0.0
621.66 -1500.0
628.66 0.0
631.66 1500.0
638.66 0.0
641.66 -1500.0
648.66 0.0
651.66 1500.0
658.66 0.0
661.66 -1500.0
668.66 0.0
671.66 1500.0
678.66 0.0
681.66 -1500.0
688.66 0.0
691.66 1500.0
698.66 0.0
701.66 -1500.0
708.66 0.0
711.66 1500.0
718.66 0.0
721.66 -1500.0
728.66 0.0
