0.0 0.0 30.0
1.558 -0.02 30.0
1.808 0.0 29.94
2.849 -0.03 29.94
3.302 -0.07 29.77
3.592 0.0 29.55
5.583 -0.04 29.55
5.827 -0.08 29.44
6.394 -0.13 28.94
6.677 0.0 28.56
8.713 0.04 28.56
9.474 0.09 28.91
9.647 0.0 29.06
13.252 -0.03 29.1
14.033 -0.06 28.84
14.184 -0.1 28.74
14.608 0.0 28.3
15.581 0.04 28.3
16.06 0.09 28.53
16.537 0.14 28.98
17.429 0.0 30.25
17.619 0.03 30.25
17.762 0.06 30.3
18.263 0.0 30.62
19.097 -0.04 30.62
19.302 -0.08 30.54
19.501 0.0 30.38
23.27 -0.03 30.38
23.505 -0.07 30.29
23.66 0.0 30.17
28.604 0.02 30.17
29.004 0.0 30.26
29.946 0.04 30.26
30.342 0.0 30.43
30.342 -0.01 30.43
30.342 0.0 30.29
