#PK curve (positive or negative radius in meters)
0.0 0.0
0.95 1500.0
7.95 0.0
10.95 -1500.0
17.95 0.0
20.95 1500.0
27.95 0.0
30.95 -1500.0
37.95 0.0
40.95 1500.0
47.95 0.0
50.95 -1500.0
57.95 0.0
60.95 1500.0
67.95 0.0
70.95 -1500.0
77.95 0.0
80.95 1500.0
87.95 0.0
90.95 -1500.0
97.95 0.0
100.95 1500.0
107.95 0.0
110.95 -1500.0
117.95 0.0
120.95 1500.0
127.95 0.0
130.95 -1500.0
137.95 0.0
140.95 1500.0
147.95 0.0
150.95 -1500.0
157.95 0.0
160.95 1500.0
167.95 0.0
170.95 -1500.0
177.95 0.0
180.95 1500.0
187.95 0.0
190.95 -1500.0
197.95 0.0
200.95 1500.0
207.95 0.0
210.95 -1500.0
217.95 0.0
220.95 1500.0
227.95 0.0
230.95 -1500.0
237.95 0.0
240.95 1500.0
247.95 0.0
250.95 -1500.0
257.95 0.0
260.95 1500.0
267.95 0.0
270.95 -1500.0
277.95 0.0
280.95 1500.0
287.95 0.0
290.95 -1500.0
297.95 0.0
300.95 1500.0
307.95 0.0
310.95 -1500.0
317.95 0.0
320.95 1500.0
327.95 0.0
330.95 -1500.0
337.95 0.0
340.95 1500.0
347.95 0.0
350.95 -1500.0
357.95 0.0
360.95 1500.0
367.95 0.0
370.95 -1500.0
377.95 0.0
380.95 1500.0
387.95 0.0
390.95 -1500.0
397.95 0.0
400.95 1500.0
407.95 0.0
410.95 -1500.0
417.95 0.0
420.95 1500.0
427.95 0.0
430.95 -1500.0
437.95 0.0
440.95 1500.0
447.95 0.0
450.95 -1500.0
457.95 0.0
460.95 1500.0
467.95 0.0
470.95 -1500.0
477.95 0.0
480.95 1500.0
487.95 0.0
490.95 -1500.0
497.95 0.0
500.95 1500.0
507.95 0.0
510.95 -1500.0
517.95 0.0
520.95 1500.0
527.95 0.0
530.95 -1500.0
537.95 0.0
540.95 1500.0
547.95 0.0
550.95 -1500.0
557.95 0.0
560.95 1500.0
567.95 0.0
570.95 -1500.0
577.95 0.0
580.95 1500.0
587.95 0.0
590.95 -1500.0
597.95 0.0
600.95 1500.0
607.95 0.0
610.95 -1500.0
617.95 0.0
